# time_s, duration_s, flows, iv_time_freshness, iv_time_causality, iv_bytes, iv_packets, iv_mtu
1269482392, 8, 10640, 0, 0, 0, 0, 0
1269482400, 300, 10296383, 0, 0, 0, 0, 0
1269482700, 300, 10511288, 0, 0, 0, 0, 0
1269483000, 300, 10030667, 0, 0, 0, 0, 0
1269483300, 300, 10416612, 0, 0, 0, 0, 0
1269483600, 300, 9936142, 0, 0, 0, 0, 0
1269483900, 300, 9786723, 0, 0, 0, 0, 0
1269484200, 300, 10236549, 0, 0, 0, 0, 0
1269484500, 300, 10011827, 0, 0, 0, 0, 0
1269484800, 301, 10469314, 0, 0, 0, 0, 0
1269485101, 299, 10246496, 0, 0, 0, 0, 0
1269485400, 300, 11848709, 0, 0, 0, 0, 0
1269485700, 300, 11781495, 0, 0, 0, 0, 0
1269486000, 300, 11392843, 0, 0, 0, 0, 0
1269486300, 300, 10895693, 0, 0, 0, 0, 0
1269486600, 300, 10715659, 0, 0, 0, 0, 0
1269486900, 300, 10449596, 0, 0, 0, 0, 0
1269487200, 300, 12141031, 0, 0, 0, 0, 0
1269487500, 301, 11499967, 0, 0, 0, 0, 0
1269487801, 299, 10228041, 0, 0, 0, 0, 0
1269488100, 301, 10050412, 0, 0, 0, 0, 0
1269488401, 299, 9908394, 0, 0, 0, 0, 0
1269488700, 302, 9959802, 0, 0, 0, 0, 0
1269489002, 298, 9931572, 0, 0, 0, 0, 0
1269489300, 300, 9970198, 0, 0, 0, 0, 0
1269489600, 300, 10458520, 0, 0, 0, 0, 0
1269489900, 302, 10624967, 0, 0, 0, 0, 0
1269490202, 298, 10145632, 0, 0, 0, 0, 0
1269490500, 300, 10860592, 0, 0, 0, 0, 0
1269490800, 300, 10975880, 0, 0, 0, 0, 0
1269491100, 300, 11131568, 0, 0, 0, 0, 0
1269491400, 300, 10095213, 0, 0, 0, 0, 0
1269491700, 300, 10012838, 0, 0, 0, 0, 0
1269492000, 300, 11507624, 0, 0, 0, 0, 0
1269492300, 300, 10438110, 0, 0, 0, 0, 0
1269492600, 300, 11158954, 0, 0, 0, 0, 0
1269492900, 300, 10218595, 0, 0, 0, 0, 0
1269493200, 300, 11059150, 0, 0, 0, 0, 0
1269493500, 300, 11241409, 0, 0, 0, 0, 0
1269493800, 300, 10109771, 0, 0, 0, 0, 0
1269494100, 301, 10138258, 0, 0, 0, 0, 0
1269494401, 299, 9963376, 0, 0, 0, 0, 0
1269494700, 300, 10012883, 0, 0, 0, 0, 0
1269495000, 300, 9979896, 0, 0, 0, 0, 0
1269495300, 301, 10182453, 0, 0, 0, 0, 0
1269495601, 299, 10407730, 0, 0, 0, 0, 0
1269495900, 300, 10669517, 0, 0, 0, 0, 0
1269496200, 300, 10917043, 0, 0, 0, 0, 0
1269496500, 300, 11063535, 0, 0, 0, 0, 0
1269496800, 301, 13317159, 0, 0, 0, 0, 0
1269497101, 299, 13413518, 0, 0, 0, 0, 0
1269497400, 300, 12045582, 0, 0, 0, 0, 0
1269497700, 300, 12092199, 0, 0, 0, 0, 0
1269498000, 300, 12225035, 0, 0, 0, 0, 0
1269498300, 300, 13745590, 0, 0, 0, 0, 0
1269498600, 300, 13836537, 0, 0, 0, 0, 0
1269498900, 300, 13488090, 0, 0, 0, 0, 0
1269499200, 301, 12848625, 0, 0, 0, 0, 0
1269499501, 299, 13490998, 0, 0, 0, 0, 0
1269499800, 300, 13598550, 0, 0, 0, 0, 0
1269500100, 300, 14088512, 0, 0, 0, 0, 0
1269500400, 300, 14960067, 0, 0, 0, 0, 0
1269500700, 300, 15718323, 0, 0, 0, 0, 0
1269501000, 300, 15934914, 0, 0, 0, 0, 0
1269501300, 300, 16163810, 0, 0, 0, 0, 0
1269501600, 300, 17525906, 0, 0, 0, 0, 0
1269501900, 300, 18070927, 0, 0, 0, 0, 0
1269502200, 300, 19540108, 0, 0, 0, 0, 0
1269502500, 300, 21232284, 0, 0, 0, 0, 0
1269502800, 300, 18562730, 0, 0, 0, 0, 0
1269503100, 300, 19639353, 0, 0, 0, 0, 0
1269503400, 300, 19885110, 0, 0, 0, 0, 0
1269503700, 300, 19574284, 0, 0, 0, 0, 0
1269504000, 300, 20051860, 0, 0, 0, 0, 0
1269504300, 300, 22067394, 0, 0, 0, 0, 0
1269504600, 300, 21933740, 0, 0, 0, 0, 0
1269504900, 300, 20245695, 0, 0, 0, 0, 0
1269505200, 300, 23423666, 0, 0, 0, 0, 0
1269505500, 300, 20821137, 0, 0, 0, 0, 0
1269505800, 300, 21108183, 0, 0, 0, 0, 0
1269506100, 300, 20158619, 0, 0, 0, 0, 0
1269506400, 300, 20504646, 0, 0, 0, 0, 0
1269506700, 300, 20818567, 0, 0, 0, 0, 0
1269507000, 300, 21297118, 0, 0, 0, 0, 0
1269507300, 300, 21269499, 0, 0, 0, 0, 0
1269507600, 300, 23439330, 0, 0, 0, 0, 0
1269507900, 300, 21624989, 0, 0, 0, 0, 0
1269508200, 300, 21880442, 0, 0, 0, 0, 0
1269508500, 300, 22082568, 0, 0, 0, 0, 0
1269508800, 300, 22965388, 0, 0, 0, 0, 0
1269509100, 300, 22148285, 0, 0, 0, 0, 0
1269509400, 300, 24235738, 0, 0, 0, 0, 0
1269509700, 300, 23696187, 0, 0, 0, 0, 0
1269510000, 300, 23372228, 0, 0, 0, 0, 0
1269510300, 300, 23166656, 0, 0, 0, 0, 0
1269510600, 300, 23636689, 0, 0, 0, 0, 0
1269510900, 300, 23247959, 0, 0, 0, 0, 0
1269511200, 300, 26143845, 0, 0, 0, 0, 0
1269511500, 300, 25375552, 0, 0, 0, 0, 0
1269511800, 300, 24590176, 0, 0, 0, 0, 0
1269512100, 300, 23429534, 0, 0, 0, 0, 0
1269512400, 300, 23531112, 0, 0, 0, 0, 0
1269512700, 300, 23037068, 0, 0, 0, 0, 0
1269513000, 300, 22958465, 0, 0, 0, 0, 0
1269513300, 301, 22291867, 0, 0, 0, 0, 0
1269513601, 299, 21635719, 0, 0, 0, 0, 0
1269513900, 300, 21559489, 0, 0, 0, 0, 0
1269514200, 300, 21491849, 0, 0, 0, 0, 0
1269514500, 300, 21285444, 0, 0, 0, 0, 0
1269514800, 300, 22021053, 0, 0, 0, 0, 0
1269515100, 300, 22605388, 0, 0, 0, 0, 0
1269515400, 300, 22040702, 0, 0, 0, 0, 0
1269515700, 300, 21911087, 0, 0, 0, 0, 0
1269516000, 300, 22319364, 0, 0, 0, 0, 0
1269516300, 300, 21076824, 0, 0, 0, 0, 0
1269516600, 300, 21261065, 0, 0, 0, 0, 0
1269516900, 300, 21690363, 0, 0, 0, 0, 0
1269517200, 300, 21091755, 0, 0, 0, 0, 0
1269517500, 300, 21648566, 0, 0, 0, 0, 0
1269517800, 300, 23638642, 0, 0, 0, 0, 0
1269518100, 301, 23487793, 0, 0, 0, 0, 0
1269518401, 299, 23150071, 0, 0, 0, 0, 0
1269518700, 300, 22933748, 0, 0, 0, 0, 0
1269519000, 300, 23307632, 0, 0, 0, 0, 0
1269519300, 300, 22815324, 0, 0, 0, 0, 0
1269519600, 300, 22851937, 0, 0, 0, 0, 0
1269519900, 300, 22970306, 0, 0, 0, 0, 0
1269520200, 300, 23045540, 0, 0, 0, 0, 0
1269520500, 301, 23978899, 0, 0, 0, 0, 0
1269520801, 299, 25292215, 0, 0, 0, 0, 0
1269521100, 303, 25176348, 0, 0, 0, 0, 0
1269521403, 297, 23832593, 0, 0, 0, 0, 0
1269521700, 300, 24020398, 0, 0, 0, 0, 0
1269522000, 300, 24569059, 0, 0, 0, 0, 0
1269522300, 300, 23786257, 0, 0, 0, 0, 0
1269522600, 300, 24331963, 0, 0, 0, 0, 0
1269522900, 300, 25471072, 0, 0, 0, 0, 0
1269523200, 300, 25438108, 0, 0, 0, 0, 0
1269523500, 300, 24513409, 0, 0, 0, 0, 0
1269523800, 300, 25632659, 0, 0, 0, 0, 0
1269524100, 300, 25453737, 0, 0, 0, 0, 0
1269524400, 300, 24122657, 0, 0, 0, 0, 0
1269524700, 300, 23876142, 0, 0, 0, 0, 0
1269525000, 300, 24639599, 0, 0, 0, 0, 0
1269525300, 300, 25319660, 0, 0, 0, 0, 0
1269525600, 300, 25673309, 0, 0, 0, 0, 0
1269525900, 300, 24658263, 0, 0, 0, 0, 0
1269526200, 300, 25757379, 0, 0, 0, 0, 0
1269526500, 300, 27570485, 0, 0, 0, 0, 0
1269526800, 300, 25311518, 0, 0, 0, 0, 0
1269527100, 300, 24903758, 0, 0, 0, 0, 0
1269527400, 300, 25028490, 0, 0, 0, 0, 0
1269527700, 300, 26550192, 0, 0, 0, 0, 0
1269528000, 300, 26858126, 0, 0, 0, 0, 0
1269528300, 300, 24580789, 0, 0, 0, 0, 0
1269528600, 300, 24020693, 0, 0, 0, 0, 0
1269528900, 300, 25677228, 0, 0, 0, 0, 0
1269529200, 300, 26235278, 0, 0, 0, 0, 0
1269529500, 300, 24305155, 0, 0, 0, 0, 0
1269529800, 300, 23840398, 0, 0, 0, 0, 0
1269530100, 300, 23983310, 0, 0, 0, 0, 0
1269530400, 300, 23551974, 0, 0, 0, 0, 0
1269530700, 300, 24681876, 0, 0, 0, 0, 0
1269531000, 300, 24076791, 0, 0, 0, 0, 0
1269531300, 300, 24548943, 0, 0, 0, 0, 0
1269531600, 300, 23433232, 0, 0, 0, 0, 0
1269531900, 300, 23530850, 0, 0, 0, 0, 0
1269532200, 300, 22952876, 0, 0, 0, 0, 0
1269532500, 300, 22579019, 0, 0, 0, 0, 0
1269532800, 300, 22560034, 0, 0, 0, 0, 0
1269533100, 300, 22069715, 0, 0, 0, 0, 0
1269533400, 300, 23091338, 0, 0, 0, 0, 0
1269533700, 300, 22155029, 0, 0, 0, 0, 0
1269534000, 300, 21552089, 0, 0, 0, 0, 0
1269534300, 300, 22032830, 0, 0, 0, 0, 0
1269534600, 300, 21442605, 0, 0, 0, 0, 0
1269534900, 300, 21456049, 0, 0, 0, 0, 0
1269535200, 300, 21112238, 0, 0, 0, 0, 0
1269535500, 300, 21341307, 0, 0, 0, 0, 0
1269535800, 300, 21369539, 0, 0, 0, 0, 0
1269536100, 300, 20746493, 0, 0, 0, 0, 0
1269536400, 300, 20535125, 0, 0, 0, 0, 0
1269536700, 300, 20004328, 0, 0, 0, 0, 0
1269537000, 300, 19656448, 0, 0, 0, 0, 0
1269537300, 300, 19409984, 0, 0, 0, 0, 0
1269537600, 300, 19973727, 0, 0, 0, 0, 0
1269537900, 300, 19503951, 0, 0, 0, 0, 0
1269538200, 300, 19001118, 0, 0, 0, 0, 0
1269538500, 300, 19156895, 0, 0, 0, 0, 0
1269538800, 300, 19600741, 0, 0, 0, 0, 0
1269539100, 300, 18887919, 0, 0, 0, 0, 0
1269539400, 300, 18788983, 0, 0, 0, 0, 0
1269539700, 300, 20293894, 0, 0, 0, 0, 0
1269540000, 300, 20000531, 0, 0, 0, 0, 0
1269540300, 300, 20424686, 0, 0, 0, 0, 0
1269540600, 300, 20385679, 0, 0, 0, 0, 0
1269540900, 300, 18869021, 0, 0, 0, 0, 0
1269541200, 300, 18169689, 0, 0, 0, 0, 0
1269541500, 300, 19730709, 0, 0, 0, 0, 0
1269541800, 300, 19331668, 0, 0, 0, 0, 0
1269542100, 300, 19389770, 0, 0, 0, 0, 0
1269542400, 300, 18901544, 0, 0, 0, 0, 0
1269542700, 300, 19372589, 0, 0, 0, 0, 0
1269543000, 302, 18950425, 0, 0, 0, 0, 0
1269543302, 298, 19241145, 0, 0, 0, 0, 0
1269543600, 300, 18838157, 0, 0, 0, 0, 0
1269543900, 300, 19078844, 0, 0, 0, 0, 0
1269544200, 300, 18735013, 0, 0, 0, 0, 0
1269544500, 300, 18846240, 0, 0, 0, 0, 0
1269544800, 300, 18492431, 0, 0, 0, 0, 0
1269545100, 300, 18661181, 0, 0, 0, 0, 0
1269545400, 300, 18434852, 0, 0, 0, 0, 0
